CXVI Α Povlastice zagrebalke crkve.

111111 111111 1 10110 bi kancelar 1110111 1111 111111111111 1110111011111
1111111 01101161 111110 01 11111 1011111 11011110, 1111 ihu 11111
1011111 1111111 11111111110111111 111111111111111011.1 Karlo Ro·
berto 111010111111 g. 1316,111111111011111111111111011 111 10-
· 11111 1011111, 11011 11 1111111111111111010111011111111111111111110.2
Da se to 1101111,101111110 1111111 11101101 0110111111111 111011111;
1 10111111111. 1328. i banu‚ da za taj 10110 10111111101110111111,
11011111 ke se 1111111111 11111111101111111111111111111110110110-
1111111011 11111011 011 1011111011 1010101111111110111111111111011
111101, 1101 1111111 1011111 isam kralj,³ 111111111110110111111
111 111 11111111 g. 1352·⁴ 11101011. 1353,11111111101111101111
1111011 il 18. 11111111111 1011011 8111111 ,11 11111 (111111, 1111-
11111111011111“ 1111 1010110111 10111110 110111 0111111 10 111111110-
nici 1111111 101111111 111 1011111101 11111111101111111111111101101111
01 1111111 111111111111 11 10 1111, 111101111111, 11 ih 1101011 101101-
111011 111111 1011111 01 11110 1111111 obzir 111011111111011111110
10111110 1111101 111111 1111111 101 011111111111111111101161111061,
· 101111010111111 1111111 1 1110111 mu 11111 111011111111,110110
bi 1101110 11111 111 1111111, 1 1111110 11, 111111111111110111101011
101101111011 111111 1011111.61

1111111 11 10110111111111 11111111 1111111011 1111111111111 11111111
1111.-111111111 1111111111111.Ρ111110110111 01111011 11111111 „banski
dvori“‚ koje im dozvolom biskupskom sagradio 11101, 1110 111111
1111. Ζ1 111111011111 ’1110111111 11 11 11011 011111111, 1111111111
11111 1 1111 10111111 1111111111 11110110 1111 11111 ban, 1 111110-
11111 11 biskupskom 111, 1111011 11110111 1111111 11111111111, da
111111 pokloni. 0101 11 molbi 011111 111111, 11 mu ih 7. juna 1284.
odstupi, 11111 mu 111110 1 11 1011111101, 11 11011111011 1111111
101161 111111, 11011 bi 11111111111101111111 Zagreb za 11111111
11111011 111111111111111 11011111

11111 11 1111111011 XIV. vieka poslie 1111111 10111111 11 111-
11111011 1111, 111111 8111111111 10101011111 1011 10111111 100111110
11111111 10 11 111111 011111111 81111111 Ρ10111161 1101111011 Vrag
oteo njegovu 11161, 11011 111111 1 11111101 01111111 1111110111 1 11111-

Ι1101. 7.

²Doc.133. 134· 143
³D0c. 141. 146. 161
⁴ Doc. 224.
·'’ Doc. 228.
³ noc, 65.

 

