CXXXVIII Pavosiolna crkva.

110111 100111111ηο 1331010, 0013111311 011100110 pjevanjem i 0 01010 '
1100131311 1013101. ,

’ 81311 1300011 imao 10 po 1010013 prebendam, 101 10 Ι11110310
01010 0 3101001 01111 1101101010130130113100111101113100, 11
1110130 10130 0 103010 3101101100 1110 000 1300, 0 10110 30 0110 313-
110 0110130 310130; 0003 10 01313013 1011101, pa mu ina 331011οο01
13301101011010110, 310 11 00, 10 30 11111 131010100 1100001310 100-
1310131103100110 110101011010 011010, 10110010 Iuba. Prebendare po-
1311300 111 0 3101001 01111 111 03 1100110 pred njom.

Prvostolna 011101 0010310110.

’ 11013131,1310131001111101131101310νο invazije 110310130 Za-
1100,11310 031 110331310ῐο 1111313100 1010100 11331 131111130
0131011 1010311, 10 10 003 31310 110100 011133131001 2311000 0113 1
111130313 01113 33 1010110 11 1110 3101001130; 3 3 1331013, 110 10
1131013311110110100131011110 01. d. Μ31113, 0010010 110111οἐ111, uz·
1111101011, 1310 1301111331. 0010101101 1103101003 0113. 013 1011
01113, 31010100103103 0113, 3101113 10 11131 1111110 0131011010 33
310100 01110 10110, 101 30 0110 331131113 0013 1101113031100113, do·
iikujuc'a 013101131001031010.

Α 110 10 gradio, 1313 1 1110 prvu 3311003110 13100113101
11313131113 11031, 1013 101011 00 010001100100131011101311003110,1031
1131103 01 1. 1134 ¹, 0010 pisae 10 1131100, 10100 1033101ἰο 01000110013
11013010 poznat 010, 3110101010 33100, 1310 ,1131113113131 po 0011010
001300010 0101001110 0131011110 331100311ιι“, 311 005110101010, 1310 1311
33113110 310100 01110, 313 10 33113110, 1013 101310 0001 010 pisae
pomenute 1131100 11101οῐ10.

111013 1131103, 33 0330110301 11111011001013113, pisana g. 1217,
101010 11311 1101111311. 1110101013 10131010 1103131100, 13 03100011
· 31. 30101101 11011111010 01111 33110031101 313111313111031010, 1011, 13
1011311 13113131 00 33010 0101001110 0131011110 1311003110 101 1 sa·
gradio 310100 01110. 1010 00 (1011113 11.) po biskupih 3101300 3313
1103101111130101003011311000111111113010[31131310 000, 1033 00 ,
011010 0110, 31331013, 10100, §to 10 3310 13113131 11031100101110110013
0131011110 111οέ1110 10113 111011 111101100, 333 to 10110 1110100100130
301 00111133 Kamani 101130 provaliIiu 11131310, 10 30 311101030
101111313101010013310111130101310 proti 10110100 113110 111011-
31310 ΙΙ.; 310 10 10133010, 13 010 113110 111000 1 0110 0011111330111

11100. 1.
¹Doc. ’1.

 

